# 100 sudoku puzzles extracted from 1000-17-hint-sudokus.txt that are
# relatively easy for this solver sorted alphabetically. See
# 1000-17-hint-sudokus.txt in this directory for details. License is CCA 2.5.

000000061300020000000700000017000000000080500090000000500000380600401000000900000
000000081230000000040700000000600370005300000100000000400000200000058000000010000
000000103002040000000000600610003000500100000000020080100600000700500000000000040
000007052860000000000000000002405000000000810040000000000280600300010000005000000
000008045000400060100000000300000100060500000000000200054000000008070000000020700
000010070030000400080000000100400200709000000000200800500000010060300000000800000
000010080500000600400000000082000001000600400000000000030000012600704000000500000
000019060200000800000030000000200504031000000000600000700500400090000010000000000
000020097030000010080000000700014000000000800500000000000308200900700000001000000
000024060081000000000005000000180300200000000000000000560000020000700100400600000
000035070200007000400000000050000090600200000000480000030000500000600200001000000
000038400700000009000000000630000580050400000000020000102700000000100000000000800
000049050601000000000000800700000020300100000000680000050200000040000600000300000
000050010302000000700400000400060200080010000000000000000300709051000000000200000
000050040800600000100000000070043000000000180000070002000100200003500000040000000
000059300120000000000000000000640070509000008300000000000000920040100000000700000
000060010800000000900000000017200000060300000000800400500000300020010000000000809
000065000800000040000000000400700500000020601300000000060001200000400030010000000
000075000000090700060000000305000000000600010700080000020100000000000502900400000
000080300600000070000200000000705020081000000000000040000030809500600000000000100
000080304091000000000000000500020040300700000060000010000106000400000800000900000
000100200040000600000003000000008030200070000600000000500600100000240000080000040
000102030040000700000000000000600012080050000000000000601300000000070800200000500
000152000030000040000000000000800105070000600000000000000076020801000300400000000
000200700010000000000010000500704000060000013000000080400500200207000000000030000
000300054290000000000000000504000070000820000700090000030000906000000100000500000
000500010600020000800000000000080600010040000030000070040300000200000500000100800
000500020000804000000000030021060000000700900030000400000030005700000800100000000
000520000000000070000000060000300501080200000070000000504000200100000300000068000
000620700501000000009000000030800400000000010000700000200050090060000300000001000
000753000900000200000000000000092800076000000001000000000100070400800000050000900
000804000050200000030000700400000080000600090000010000000070105200009000800000000
000900108024000000000000300075600020800100000000000900000025000100000000000040000
001000600000300000000080000000520001700006000040000080000001200390000000800400000
005000240000690000000000000300000100008002000000040006000800700090100000640000000
005100000040000030000000200000046070003020000100000000000800305670000000000000100
005400000700000600000000300980000050000060002000300040000087100003000000020000000
006000082010700000000000000602000000400900000000000100030005700000026300000080000
010000500000020040000069000000100700400300000602000000200040000000700300800000000
020700010000000030000000090000120600900080000300000400010200500400003000000000000
030069000000000800000070000000530400600000020900000000720000060000800500000100000
030070800100000600000000000600000032050030070400800000000106000072000000000000000
031050000000006070000000000000108300720000000600000000200040060000300500000800000
032000070000801000000000000700600005100000800000030000060000400800500000000020030
040630000500000001000000000000015060020000400000070000000200840700800000100000000
043500000000000061000800000150006000000300020700000400600020000000400500000000000
050000230000401000000000080000600704030020000100000000604700000000030000700000000
050067000060000001000009000100300000000000760200000000300120000000000870000400000
050082600019000040000000000003900010840000000000000000700000208000100000300000000
060080090000510000200000000070403500000000100000009000401300000000000060500000000
070000090400003000000010000000200104050900000000000300104000600000500080600000000
070030200010000000000006000603040000000500071000000020400000603000100000800000000
070084000200000010000000000620100000000000704000050800500200030100000000004000000
070100000400000500000300060000058200001000000000000400850040000000700010000000030
070400000000000035040000060500600200008700000300000000100030000060000700000010000
071000000000600300000200000000070041000040080500000000320000600600500000000010000
080000500000030100000074000020600000000100009400000030000500200309000000007000000
081000000000300070000000200000089000600000040000001000000040109750600000000200000
100400020008000300600000000240500000000600708000000000010000050000083000000070000
100730000000000029000000000500082000600000300010000000028300000000600400009000000
104000030000562000000000000680000070050400000000200000000000401700080000000000200
200000030000060500000000000065400000000300010090000000100203000800000900000070006
200800300150000000000000000008300000040000001000060050000701000004000600000250000
206000900000074000000000000500200003000000070000006000140000060070030000000800500
208100000000000046000000000560000030040700000000800000430005000000020800000000100
230060000000400050000000000001509000700000603000000200054000080000100000000030000
230900000000006071000000000517000000000000240060000000001070000800000300000200000
240000060000180000000000000708020000000000304000000100001503000030000020000700000
300000840000509700000020000000000021800300000000000000000100500620000000049000000
300010000050000020000000000020503000000000701400000600107400000000200080600000000
300080010000004500000000000050000200700030000000900000100000037040502000000600000
300820000000000410000000000000108002004000600005300000070040500820000000000000000
310600000500000007000800040000017002600000000000000050004300600000000100020000000
360000100500020000000000000040000002008300000000001050002040070000600400100000000
400000603000520000000000000000070020600003000000000900020000170000006050800300000
400000700000090050000020000800400000000600400000000002000801600029000030050000000
400000800000010000200000000080300001000408000000000060031060000000500420000000700
400100700030000000000000000000035400009006000060020000000900006300000020807000000
400702000000600010200000000013000000000400900060000000800030200000050004000001000
408030000000016000000000000000400950010000000000000400000270001960500000500000000
501000000000070090000020000020300400000000305090060000800504000000000070000100000
503060000000007108000000200080200000000050060010000000600000040000100300700000000
508100000000000903000060000470000010000030000600000000100000200093000000000407000
542000000000010080000000000400700500000000209380000000000405000600000010000200000
600070300000000105000000000010500400000060020000800000700000062000301000900000000
600104000090000082000000000100700400000020050000000000025090000000300100800000000
600300400000050070000000000000400602001000000070000000050000017400860000000002000
600400000000000080000000050051000800000900300020000000400000701900605000000020000
600500007300000080000020000560300000000400200000000100042010000000000063000000000
650000307200800000000100004000200040001000000030000000400050000000030100000000080
680300000000400071000000020000500604031000000000000000900010000300000500000020000
700300400020000010000400000460000500000010080300000000008020000000600300010000000
700400000000000001000900000028050000000000340001000000060012000300000470000000500
700500600100080000000000020024000030000010800000000000050204000600000100000300000
708200000000509040100000000600030800050400000000000100800010000000000050000002000
710030000000600025000000000600208000000005301000000000000510400200000080000000000
740000600000008300000010000005000012600700000000000000000400730012000000000300000
800001000050000030000000000201000800000590000000300000090030050000700200400006000
830000600000510000900000000000200045309000000000000070045700000000008300000000000
840000000200000060000100500005000100000032000000080000026700000000000408000000030
